599	17	276	0	0
599	17	20	0	0
599	15	408	0	0
599	3	362	0	0
599	21	430	0	0
599	25	379	0	0
599	17	340	0	0
599	3	564	0	0
599	15	382	0	0
599	17	194	0	0
599	17	550	0	0
599	10	386	0	0
599	15	407	0	0
599	25	3	0	0
599	16	92	0	0
599	3	291	0	0
97	17	13	0	0
97	3	12	0	0
97	17	363	0	0
97	17	388	0	0
97	17	406	0	0
223	17	15	0	0
223	25	42	0	0
223	3	1	0	0
223	19	497	0	0
215	25	47	0	0
215	17	390	0	0
151	17	195	0	0
151	7	92	0	0
149	10	163	0	0
149	17	279	0	0
600	17	396	0	0
439	17	395	0	0
237	17	377	0	0
237	25	56	0	0
237	4	6	0	0
150	17	532	0	0
303	17	389	0	0
137	17	391	0	0
410	17	280	0	0
233	1	581	0	0
170	1	586	0	0
170	6	562	0	0
170	19	153	0	0
170	18	86	0	0
170	18	86	0	0
170	2	262	0	0
170	11	26	0	0
170	7	480	0	0
170	18	350	0	0
170	18	140	0	0
170	2	139	0	0
170	18	204	0	0
170	15	154	0	0
170	8	180	0	0
170	2	178	0	0
170	2	333	0	0
170	12	209	0	0
170	15	208	0	0
170	6	508	0	0
170	19	138	0	0
170	21	419	0	0
170	18	353	0	0
170	2	105	0	0
170	2	240	0	0
170	20	542	0	0
185	1	556	0	0
231	1	444	0	0
414	1	586	0	0
198	1	589	0	0
118	1	581	0	0
118	2	85	0	0
597	1	373	0	0
426	1	274	0	0
355	1	586	0	0
242	1	304	0	0
284	1	373	0	0
202	1	162	0	0
119	1	581	0	0
602	1	274	0	0
197	1	358	0	0
197	2	73	0	0
197	2	73	0	0
197	2	73	0	0
197	2	112	0	0
197	2	112	0	0
197	24	253	0	0
197	15	573	0	0
197	21	461	0	0
197	19	214	0	0
197	16	325	0	0
197	18	404	0	0
197	2	488	0	0
197	21	487	0	0
197	18	248	0	0
197	12	62	0	0
197	21	341	0	0
197	17	509	0	0
197	18	159	0	0
197	11	252	0	0
197	11	290	0	0
197	21	545	0	0
197	18	472	0	0
197	2	70	0	0
197	15	243	0	0
197	15	428	0	0
197	11	405	0	0
197	21	460	0	0
197	21	374	0	0
217	1	162	0	0
217	2	205	0	0
217	15	332	0	0
217	21	397	0	0
262	1	117	0	0
262	18	251	0	0
262	18	592	0	0
262	17	0	0	0
262	7	399	0	0
262	21	271	0	0
262	6	511	0	0
262	18	68	0	0
262	2	204	0	0
262	2	204	0	0
262	18	211	0	0
262	19	210	0	0
262	6	63	0	0
262	19	343	0	0
262	16	325	0	0
262	16	326	0	0
262	21	293	0	0
262	21	459	0	0
262	21	337	0	0
262	2	169	0	0
262	15	154	0	0
262	8	322	0	0
262	8	221	0	0
262	21	201	0	0
167	1	556	0	0
524	1	358	0	0
129	1	586	0	0
122	1	117	0	0
601	1	373	0	0
179	1	301	0	0
598	1	373	0	0
415	17	21	0	0
415	17	21	0	0
415	21	224	0	0
415	3	478	0	0
415	13	496	0	0
415	21	539	0	0
415	17	278	0	0
415	15	218	0	0
415	25	37	0	0
415	13	37	0	0
415	4	10	0	0
415	3	2	0	0
415	17	33	0	0
415	1	378	0	0
416	17	281	0	0
575	17	315	0	0
596	17	393	0	0
109	17	385	0	0
109	15	131	0	0
57	17	384	0	0
57	15	121	0	0
94	17	383	0	0
94	15	132	0	0
152	25	36	0	0
152	13	35	0	0
367	17	277	0	0
381	17	513	0	0
595	17	387	0	0
115	25	54	0	0
115	13	53	0	0
115	16	9	0	0
115	14	9	0	0
505	17	247	0	0
505	25	45	0	0
504	7	114	0	0
504	6	114	0	0
504	25	49	0	0
504	23	55	0	0
431	17	370	0	0
431	9	371	0	0
431	10	463	0	0
431	20	52	0	0
431	14	368	0	0
431	13	512	0	0
431	25	517	0	0
431	16	51	0	0
431	21	71	0	0
431	5	364	0	0
431	23	32	0	0
431	22	114	0	0
431	3	48	0	0
463	23	43	0	0
463	19	8	0	0
463	20	32	0	0
436	10	463	0	0
436	23	463	0	0
436	15	245	0	0
436	19	51	0	0
436	17	344	0	0
436	20	319	0	0
436	0	146	0	0
437	1	465	0	0
437	10	463	0	0
437	17	548	0	0
440	15	427	0	0
440	17	41	0	0
440	10	463	0	0
438	15	482	0	0
438	23	463	0	0
438	10	463	0	0
438	17	7	0	0
96	17	464	0	0
96	10	463	0	0
96	23	463	0	0
96	20	320	0	0
432	17	499	0	0
432	21	372	0	0
433	17	498	0	0
435	17	479	0	0
434	17	500	0	0
318	23	43	0	0
318	19	8	0	0
369	20	39	0	0
369	19	46	0	0
369	16	11	0	0
369	17	295	0	0
369	14	5	0	0
369	25	34	0	0
369	13	31	0	0
466	20	38	0	0
466	19	298	0	0
220	20	50	0	0
220	19	296	0	0
116	20	4	0	0
116	19	297	0	0
184	18	190	0	0
184	2	67	0	0
184	6	292	0	0
184	7	155	0	0
184	8	30	0	0
184	15	302	0	0
184	18	87	0	0
184	12	554	0	0
184	7	515	0	0
184	19	553	0	0
184	21	458	0	0
184	15	254	0	0
184	11	506	0	0
184	15	501	0	0
184	18	176	0	0
184	24	181	0	0
184	18	181	0	0
184	24	120	0	0
184	18	120	0	0
184	18	453	0	0
184	21	537	0	0
184	15	446	0	0
184	2	110	0	0
184	2	103	0	0
184	18	471	0	0
184	19	449	0	0
184	21	468	0	0
184	21	584	0	0
184	15	236	0	0
184	2	203	0	0
184	17	566	0	0
184	17	543	0	0
184	21	494	0	0
190	24	184	0	0
181	10	551	0	0
181	6	292	0	0
181	7	58	0	0
181	19	299	0	0
181	18	106	0	0
181	24	184	0	0
181	18	184	0	0
181	24	184	0	0
181	2	588	0	0
181	15	238	0	0
181	15	590	0	0
181	24	239	0	0
181	24	591	0	0
181	2	219	0	0
181	2	206	0	0
181	6	508	0	0
181	7	127	0	0
181	21	160	0	0
181	10	74	0	0
181	17	400	0	0
181	17	579	0	0
181	2	587	0	0
181	24	520	0	0
181	18	531	0	0
181	15	519	0	0
181	21	477	0	0
181	17	569	0	0
181	17	269	0	0
181	21	489	0	0
181	17	156	0	0
181	18	250	0	0
181	24	148	0	0
181	2	495	0	0
181	8	310	0	0
181	12	259	0	0
181	21	577	0	0
169	2	133	0	0
169	15	302	0	0
169	16	69	0	0
227	18	75	0	0
227	17	560	0	0
227	17	561	0	0
227	19	135	0	0
227	21	398	0	0
227	18	503	0	0
227	2	574	0	0
227	17	145	0	0
227	20	375	0	0
227	19	376	0	0
227	19	565	0	0
227	20	565	0	0
227	21	452	0	0
228	2	225	0	0
228	6	275	0	0
228	21	580	0	0
228	3	521	0	0
228	8	522	0	0
228	17	95	0	0
228	17	417	0	0
85	11	72	0	0
85	11	18	0	0
85	19	294	0	0
85	15	287	0	0
168	2	262	0	0
173	18	77	0	0
173	15	65	0	0
173	2	443	0	0
173	2	91	0	0
173	11	61	0	0
173	17	508	0	0
173	15	125	0	0
173	2	241	0	0
173	24	351	0	0
173	3	572	0	0
173	17	402	0	0
173	17	418	0	0
173	17	533	0	0
173	21	272	0	0
173	17	486	0	0
173	21	141	0	0
91	15	100	0	0
113	18	80	0	0
113	2	207	0	0
113	2	157	0	0
113	7	25	0	0
113	16	327	0	0
172	15	501	0	0
172	11	111	0	0
172	11	59	0	0
172	18	258	0	0
172	8	392	0	0
172	21	394	0	0
172	7	60	0	0
98	18	78	0	0
98	18	88	0	0
98	2	90	0	0
98	7	24	0	0
98	17	357	0	0
98	12	476	0	0
142	2	136	0	0
142	2	136	0	0
142	2	136	0	0
142	2	136	0	0
142	2	143	0	0
142	18	193	0	0
142	12	481	0	0
142	15	308	0	0
142	7	455	0	0
142	17	454	0	0
142	2	429	0	0
142	18	99	0	0
142	15	469	0	0
142	12	189	0	0
142	17	529	0	0
142	17	314	0	0
142	2	188	0	0
142	12	474	0	0
142	6	441	0	0
142	17	473	0	0
142	17	514	0	0
142	15	307	0	0
142	18	571	0	0
142	21	306	0	0
142	8	270	0	0
142	18	447	0	0
142	18	285	0	0
142	2	222	0	0
142	2	177	0	0
142	7	260	0	0
216	18	261	0	0
216	2	205	0	0
216	2	205	0	0
216	2	134	0	0
216	2	79	0	0
216	18	234	0	0
216	19	324	0	0
216	19	286	0	0
216	18	347	0	0
216	2	442	0	0
216	6	312	0	0
216	8	93	0	0
216	18	475	0	0
216	2	192	0	0
216	19	356	0	0
216	19	360	0	0
216	21	540	0	0
76	19	19	0	0
